date,Owners,Price,PriceChangeTo,discount,total_reviews,total_positive,total_negative,review_score
2015-10-28,461000,59.99,49.99,83.33,14744,7781,6963,5
2016-02-03,545000,49.99,23.99,47.99,19141,10379,8762,5
2016-02-12,520000,23.99,39.99,166.69,19638,10747,8891,5
2016-03-22,544000,39.99,23.99,59.99,20450,11431,9019,5
2016-03-24,548000,23.99,39.99,166.69,20503,11477,9026,5
2016-04-06,558000,39.99,29.99,74.99,20782,11705,9077,5
2016-06-23,593000,29.99,17.99,59.99,21884,12647,9237,5
2016-06-24,599000,17.99,14.99,83.32,21901,12664,9237,5
2016-07-04,643000,14.99,29.99,200.07,22511,13175,9336,5
2016-08-04,689000,29.99,14.99,49.98,23262,13820,9442,5
2016-08-08,695000,14.99,29.99,200.07,23445,13962,9483,5
2016-09-15,785000,29.99,10.19,33.98,24299,14718,9581,5
2016-09-19,808000,10.19,29.99,294.31,24616,14987,9629,5
2016-10-28,860000,29.99,10.19,33.98,25519,15762,9757,5
2016-11-01,870000,10.19,29.99,294.31,25592,15827,9765,5
2016-11-23,894000,29.99,14.99,49.98,25974,16166,9808,5
2016-11-29,910000,14.99,29.99,200.07,27666,17793,9873,5
2016-11-30,907000,29.99,19.99,66.66,27738,17862,9876,5
2016-12-22,948000,19.99,6.79,33.97,28074,18157,9917,5
2017-01-02,1006000,6.79,19.99,294.4,28596,18588,10008,5
2017-04-25,1101000,19.99,7.99,39.97,30447,20228,10219,5
2017-04-28,1092000,7.99,19.99,250.19,30543,20302,10241,5
2017-06-22,1130000,19.99,7.99,39.97,31440,21078,10362,5
2017-07-05,1193000,7.99,19.99,250.19,31939,21529,10410,5
2017-08-08,1234000,19.99,7.99,39.97,32524,22036,10488,5
2017-08-11,1266000,7.99,19.99,250.19,32623,22109,10514,5
2017-09-28,1339000,19.99,7.99,39.97,33334,22735,10599,5
2017-10-02,1344000,7.99,19.99,250.19,33475,22850,10625,5
2017-10-26,1342000,19.99,7.99,39.97,33976,23297,10679,5
2017-11-01,1336000,7.99,19.99,250.19,34089,23400,10689,5
2017-11-22,1367000,19.99,6.79,33.97,34367,23656,10711,5
2017-11-29,1414000,6.79,19.99,294.4,35471,24731,10740,5
2017-12-21,1407000,19.99,7.99,39.97,35805,25022,10783,5
2018-01-04,1407000,7.99,19.99,250.19,36126,25291,10835,6
2018-02-15,1417000,19.99,6.79,33.97,36684,25786,10898,6
2018-02-19,1401000,6.79,19.99,294.4,36736,25834,10902,6
2018-03-01,1442000,19.99,6.79,33.97,36887,25965,10922,6
2018-03-05,1447000,6.79,19.99,294.4,36999,26057,10942,6
2018-05-07,1332000,19.99,6.79,33.97,37658,26625,11033,6
2018-05-14,1339000,6.79,19.99,294.4,37823,26758,11065,6
2018-06-21,1375000,19.99,6.79,33.97,38261,27131,11130,6
2018-07-05,1385000,6.79,19.99,294.4,38547,27362,11185,6
2018-08-14,1435000,19.99,6.79,33.97,39042,27784,11258,6
2018-08-17,1443000,6.79,19.99,294.4,39147,27867,11280,6
2018-09-27,1489000,19.99,4.99,24.96,39697,28330,11367,6
2018-10-01,1522000,4.99,19.99,400.6,39816,28432,11384,6
2018-10-29,1547000,19.99,4.99,24.96,40277,28810,11467,6
2018-11-01,1547000,4.99,19.99,400.6,40308,28837,11471,6
2018-11-21,1578000,19.99,4.99,24.96,40538,29034,11504,6
2018-11-27,1624000,4.99,19.99,400.6,41578,30059,11519,6
2018-12-20,1656000,19.99,4.99,24.96,41881,30333,11548,6
2019-01-03,1667000,4.99,19.99,400.6,42177,30596,11581,6
2019-02-04,1715000,19.99,4.99,24.96,42584,30934,11650,6
2019-02-11,1722000,4.99,19.99,400.6,42751,31073,11678,6
2019-03-19,1755000,19.99,4.99,24.96,43132,31395,11737,6
2019-04-11,1755000,4.99,19.99,400.6,43390,31623,11767,6
2019-06-25,1864000,19.99,4.99,24.96,44146,32282,11864,6
2019-07-09,1955000,4.99,19.99,400.6,46154,34224,11930,6
2019-09-19,2046000,19.99,4.99,24.96,46882,34854,12028,6
2019-09-26,2035000,4.99,19.99,400.6,47003,34951,12052,6
2019-10-27,2066000,19.99,4.99,24.96,47356,35257,12099,6
2019-11-01,2085000,4.99,19.99,400.6,47525,35421,12104,6
2019-11-07,2122000,19.99,4.99,24.96,47898,35781,12117,6
2019-11-11,2124000,4.99,19.99,400.6,48110,35983,12127,6
2019-11-26,2182000,19.99,4.99,24.96,48721,36564,12157,6
2019-12-03,2200000,4.99,19.99,400.6,49191,37022,12169,6
2019-12-19,2234000,19.99,4.99,24.96,49735,37526,12209,6
2020-01-02,1663000,4.99,19.99,400.6,50316,38077,12239,6
2020-01-23,2102000,19.99,4.99,24.96,50946,38665,12281,6
2020-01-28,2072000,4.99,19.99,400.6,51104,38817,12287,6
2020-04-07,2148000,19.99,4.99,24.96,53266,40863,12403,6
2020-04-10,2166000,4.99,19.99,400.6,53482,41064,12418,6
2020-06-25,2233000,19.99,4.99,24.96,56158,43570,12588,6
2020-07-09,2276000,4.99,19.99,400.6,56971,44348,12623,6
2020-08-20,2282000,19.99,4.99,24.96,58435,45715,12720,6
2020-08-24,2403000,4.99,19.99,400.6,58653,45913,12740,6
2020-09-24,2395000,19.99,4.99,24.96,60142,47299,12843,6
2020-09-28,2507000,4.99,19.99,400.6,60311,47453,12858,6
2020-10-29,2407000,19.99,4.99,24.96,61469,48540,12929,6
2020-11-02,2435000,4.99,19.99,400.6,61584,48651,12933,6
2020-11-25,2411000,19.99,4.99,24.96,62219,49246,12973,6
2020-12-02,1877000,4.99,19.99,400.6,62725,49739,12986,6
2020-12-22,2407000,19.99,4.99,24.96,63434,50412,13022,6
2021-01-05,2450000,4.99,19.99,400.6,64021,50964,13057,6
2021-02-12,2410000,19.99,4.99,24.96,65235,52108,13127,6
2021-02-15,2410000,4.99,19.99,400.6,65340,52205,13135,6
2021-02-18,2432000,19.99,4.99,24.96,65454,52313,13141,6
2021-02-22,2513000,4.99,19.99,400.6,65674,52516,13158,6
2021-03-25,2354000,19.99,4.99,24.96,66941,53700,13241,8
2021-03-29,2374000,4.99,19.99,400.6,67114,53863,13251,8
2021-05-27,2339000,19.99,4.99,24.96,68963,55612,13351,8
2021-05-31,2363000,4.99,19.99,400.6,69105,55745,13360,8
2021-06-21,2345000,19.99,11.99,59.98,69783,56398,13385,8
2021-06-24,2370000,11.99,4.99,41.62,69873,56479,13394,8
2021-07-08,2395000,4.99,19.99,400.6,70688,57261,13427,8
2021-09-30,2419000,19.99,3.99,19.96,73369,59787,13582,8
2021-10-03,2182000,3.99,19.99,501.0,73523,59927,13596,8
2021-10-14,2462000,19.99,3.99,19.96,74261,60626,13635,8
2021-10-18,2498000,3.99,19.99,501.0,74486,60833,13653,8
2021-11-24,2449000,19.99,3.99,19.96,75877,62165,13712,8
2021-12-01,2525000,3.99,19.99,501.0,76450,62718,13732,8
2021-12-22,2501000,19.99,3.99,19.96,77331,63560,13771,8
2022-01-05,2546000,3.99,19.99,501.0,78180,64377,13803,8
2022-01-27,2537000,19.99,3.99,19.96,79216,65353,13863,8
2022-02-02,2563000,3.99,19.99,501.0,79513,65638,13875,8
2022-02-27,2575000,19.99,3.99,19.96,80617,66697,13920,8
2022-03-03,2603000,3.99,19.99,501.0,80783,66853,13930,8
2022-06-23,2666000,19.99,3.99,19.96,86293,72150,14143,8
2022-07-07,2785000,3.99,19.99,501.0,87073,72886,14187,8
2022-08-11,2792000,19.99,3.99,19.96,88601,74332,14269,8
2022-08-15,2911000,3.99,19.99,501.0,88864,74579,14285,8
2022-09-29,2804000,19.99,3.99,19.96,90837,76439,14398,8
2022-10-06,2944000,3.99,19.99,501.0,91265,76843,14422,8
