date,Owners,Price,PriceChangeTo,discount,total_reviews,total_positive,total_negative,review_score
2015-06-11,224000,29.99,7.49,24.97,2956,2415,541,8
2015-06-19,242000,7.49,5.99,79.97,3042,2483,559,8
2015-06-20,243000,5.99,7.49,125.04,3064,2503,561,8
2015-06-22,246000,7.49,29.99,400.4,3084,2519,565,8
2015-08-24,262000,29.99,7.49,24.97,3387,2775,612,8
2015-08-31,270000,7.49,29.99,400.4,3454,2827,627,8
2015-11-25,281000,29.99,7.49,24.97,3772,3094,678,8
2015-12-01,278000,7.49,29.99,400.4,3811,3127,684,8
2015-12-22,294000,29.99,7.49,24.97,3891,3189,702,8
2016-01-05,307000,7.49,29.99,400.4,4026,3306,720,8
2016-02-05,337000,29.99,7.49,24.97,4195,3457,738,8
2016-02-12,330000,7.49,29.99,400.4,4264,3520,744,8
2016-04-11,350000,29.99,7.49,24.97,4599,3803,796,8
2016-04-18,361000,7.49,29.99,400.4,4684,3880,804,8
2016-06-23,369000,29.99,7.49,24.97,5068,4224,844,8
2016-07-04,388000,7.49,29.99,400.4,5212,4347,865,8
2016-08-25,412000,29.99,7.49,24.97,5527,4615,912,8
2016-08-29,413000,7.49,29.99,400.4,5617,4683,934,8
2016-10-28,456000,29.99,7.49,24.97,5957,4953,1004,8
2016-11-01,449000,7.49,29.99,400.4,5982,4976,1006,8
2016-11-23,456000,29.99,7.49,24.97,6096,5077,1019,8
2016-11-29,460000,7.49,29.99,400.4,6411,5379,1032,8
2016-12-20,482000,29.99,7.49,24.97,6557,5514,1043,8
2017-01-02,498000,7.49,29.99,400.4,6737,5673,1064,8
2017-03-26,527000,29.99,5.99,19.97,7249,6120,1129,8
2017-03-28,533000,5.99,29.99,500.67,7284,6148,1136,8
2017-06-22,571000,29.99,5.99,19.97,7773,6578,1195,8
2017-07-05,584000,5.99,29.99,500.67,7957,6743,1214,8
2017-09-11,641000,29.99,5.99,19.97,8338,7087,1251,8
2017-09-18,642000,5.99,29.99,500.67,8434,7171,1263,8
2017-10-26,642000,29.99,7.49,24.97,8690,7399,1291,8
2017-11-01,641000,7.49,29.99,400.4,8734,7439,1295,8
2017-11-22,642000,29.99,5.99,19.97,8865,7558,1307,8
2017-11-28,657000,5.99,29.99,500.67,9155,7840,1315,8
2017-12-21,667000,29.99,7.49,24.97,9308,7975,1333,8
2018-01-04,698000,7.49,29.99,400.4,9444,8090,1354,8
2018-01-28,683000,29.99,7.49,24.97,9594,8220,1374,8
2018-02-05,685000,7.49,29.99,400.4,9667,8283,1384,8
2018-02-15,687000,29.99,7.49,24.97,9727,8338,1389,8
2018-02-20,693000,7.49,29.99,400.4,9785,8386,1399,8
2018-05-07,299000,29.99,7.49,24.97,10183,8725,1458,8
2018-05-14,632000,7.49,29.99,400.4,10244,8777,1467,8
2018-06-20,647000,29.99,5.99,19.97,10415,8923,1492,8
2018-07-05,647000,5.99,29.99,500.67,10541,9036,1505,8
2018-07-21,651000,29.99,5.99,19.97,10630,9107,1523,8
2018-07-23,645000,5.99,29.99,500.67,10671,9146,1525,8
2018-10-25,677000,29.99,7.49,24.97,11063,9482,1581,8
2018-11-01,667000,7.49,29.99,400.4,11155,9562,1593,8
2018-11-21,688000,29.99,7.49,24.97,11283,9657,1626,8
2018-11-27,709000,7.49,29.99,400.4,11590,9950,1640,8
2018-12-20,719000,29.99,5.99,19.97,11722,10064,1658,8
2019-01-03,717000,5.99,29.99,500.67,11847,10169,1678,8
2019-02-04,733000,29.99,7.49,24.97,12002,10300,1702,8
2019-02-11,735000,7.49,29.99,400.4,12062,10353,1709,8
2019-05-12,751000,29.99,5.99,19.97,12425,10666,1759,8
2019-05-28,757000,5.99,29.99,500.67,12539,10756,1783,8
2019-06-25,772000,29.99,5.99,19.97,12653,10859,1794,8
2019-07-09,828000,5.99,29.99,500.67,13576,11755,1821,8
2019-10-27,860000,29.99,5.99,19.97,14010,12116,1894,8
2019-11-01,873000,5.99,29.99,500.67,14233,12331,1902,8
2019-11-10,923000,29.99,5.99,19.97,14916,13000,1916,8
2019-11-12,941000,5.99,29.99,500.67,15027,13105,1922,8
2019-11-15,945000,29.99,5.99,19.97,15159,13228,1931,8
2019-11-17,941000,5.99,29.99,500.67,15268,13333,1935,8
2019-11-26,980000,29.99,5.99,19.97,15658,13709,1949,8
2019-12-03,1001000,5.99,29.99,500.67,16030,14064,1966,8
2019-12-19,1028000,29.99,5.99,19.97,16485,14502,1983,8
2020-01-02,1085000,5.99,29.99,500.67,17033,15019,2014,8
2020-01-23,1018000,29.99,5.99,19.97,17563,15524,2039,8
2020-01-27,1014000,5.99,29.99,500.67,17662,15619,2043,8
2020-04-01,1103000,29.99,5.99,19.97,19063,16942,2121,8
2020-04-03,1138000,5.99,29.99,500.67,19124,17002,2122,8
2020-06-01,1176000,29.99,5.99,19.97,20373,18178,2195,8
2020-06-08,402000,5.99,29.99,500.67,20597,18384,2213,8
2020-06-25,1208000,29.99,5.99,19.97,20983,18743,2240,8
2020-07-09,1231000,5.99,29.99,500.67,21351,19082,2269,8
2020-08-08,1262000,29.99,5.99,19.97,21919,19604,2315,8
2020-08-16,1269000,5.99,29.99,500.67,22139,19807,2332,8
2020-11-16,1357000,29.99,5.99,19.97,23614,21189,2425,8
2020-11-23,1368000,5.99,29.99,500.67,23848,21402,2446,8
2020-11-25,1364000,29.99,5.99,19.97,23910,21460,2450,8
2020-12-01,780000,5.99,29.99,500.67,24198,21736,2462,8
2020-12-22,1391000,29.99,5.99,19.97,24630,22143,2487,8
2021-01-05,1407000,5.99,29.99,500.67,25061,22557,2504,8
2021-02-11,1444000,29.99,5.99,19.97,25840,23290,2550,8
2021-02-15,1444000,5.99,29.99,500.67,25944,23386,2558,8
2021-04-20,1467000,29.99,5.99,19.97,27018,24385,2633,8
2021-04-22,905000,5.99,29.99,500.67,27077,24442,2635,8
2021-05-26,1526000,29.99,5.99,19.97,27682,24999,2683,8
2021-06-02,1504000,5.99,29.99,500.67,27853,25160,2693,8
2021-06-24,1569000,29.99,5.99,19.97,28237,25528,2709,8
2021-07-08,1571000,5.99,29.99,500.67,28504,25780,2724,8
2021-11-23,1675000,29.99,5.99,19.97,30401,27536,2865,8
2021-11-30,1653000,5.99,29.99,500.67,30716,27838,2878,8
2021-12-22,1693000,29.99,5.99,19.97,31118,28210,2908,8
2022-01-05,1684000,5.99,29.99,500.67,31473,28543,2930,8
2022-01-26,1731000,29.99,5.99,19.97,31836,28883,2953,8
2022-02-03,1717000,5.99,29.99,500.67,32015,29046,2969,8
2022-06-23,1874000,29.99,5.99,19.97,33916,30805,3111,8
2022-07-07,1853000,5.99,29.99,500.67,34173,31042,3131,8
2022-09-02,1913000,29.99,5.99,19.97,34897,31708,3189,8
2022-09-09,1858000,5.99,29.99,500.67,35056,31849,3207,8
2022-10-17,1955000,29.99,39.99,133.34,35549,32303,3246,8
2022-10-18,1944000,39.99,29.99,74.99,35557,32311,3246,8
2022-10-19,1944000,29.99,5.99,19.97,35566,32320,3246,8
2022-10-27,1929000,5.99,29.99,500.67,35700,32445,3255,8
