date,Owners,Price,PriceChangeTo,discount,total_reviews,total_positive,total_negative,review_score
2015-05-18,40000,7.99,0.79,9.89,226,154,72,5
2015-05-25,42000,0.79,7.99,1011.39,267,189,78,6
2015-06-11,48000,7.99,1.19,14.89,303,214,89,6
2015-06-22,49000,1.19,7.99,671.43,315,223,92,6
2015-07-20,55000,7.99,0.79,9.89,337,239,98,6
2015-07-27,58000,0.79,7.99,1011.39,376,272,104,6
2015-10-12,65000,7.99,0.79,9.89,416,306,110,6
2015-10-19,69000,0.79,7.99,1011.39,436,324,112,6
2015-10-30,71000,7.99,0.79,9.89,450,335,115,6
2015-11-02,72000,0.79,7.99,1011.39,455,340,115,6
2015-11-26,71000,7.99,0.79,9.89,470,350,120,6
2015-12-01,74000,0.79,7.99,1011.39,473,353,120,6
2015-12-14,75000,7.99,0.79,9.89,480,356,124,6
2015-12-21,79000,0.79,7.99,1011.39,506,374,132,6
2015-12-22,79000,7.99,0.79,9.89,507,375,132,6
2016-01-04,80000,0.79,7.99,1011.39,526,388,138,6
2016-02-05,87000,7.99,0.79,9.89,547,405,142,6
2016-02-12,86000,0.79,7.99,1011.39,557,413,144,6
2016-02-15,87000,7.99,1.59,19.9,559,415,144,6
2016-02-21,86000,1.59,7.99,502.52,565,419,146,6
2016-04-18,87000,7.99,0.79,9.89,588,437,151,6
2016-04-25,90000,0.79,7.99,1011.39,600,447,153,6
2016-06-23,89000,7.99,0.79,9.89,621,463,158,6
2016-07-04,88000,0.79,7.99,1011.39,630,470,160,6
2016-07-11,93000,7.99,0.79,9.89,632,471,161,6
2016-07-18,95000,0.79,7.99,1011.39,640,474,166,6
2016-09-13,96000,7.99,0.79,9.89,655,484,171,6
2016-09-19,100000,0.79,7.99,1011.39,662,489,173,6
2016-10-06,102000,7.99,2.99,37.42,673,496,177,6
2016-10-13,105000,2.99,7.99,267.22,675,497,178,6
2016-11-14,101000,7.99,0.79,9.89,680,500,180,6
2016-11-21,99000,0.79,7.99,1011.39,693,508,185,6
2016-11-23,99000,7.99,0.79,9.89,695,510,185,6
2016-11-29,97000,0.79,7.99,1011.39,702,514,188,6
2016-12-22,101000,7.99,0.79,9.89,709,519,190,6
2017-01-02,100000,0.79,7.99,1011.39,711,520,191,6
2017-01-16,101000,7.99,0.79,9.89,717,522,195,6
2017-01-23,104000,0.79,7.99,1011.39,720,525,195,6
2017-03-20,96000,7.99,0.79,9.89,729,530,199,6
2017-03-27,98000,0.79,7.99,1011.39,736,534,202,6
2017-03-30,104000,7.99,0.79,9.89,736,534,202,6
2017-04-03,113000,0.79,7.99,1011.39,741,539,202,6
2017-04-05,113000,7.99,0.79,9.89,743,541,202,6
2017-04-10,110000,0.79,7.99,1011.39,748,543,205,6
2017-05-22,102000,7.99,0.99,12.39,761,552,209,6
2017-05-29,110000,0.99,7.99,807.07,763,552,211,6
2017-06-05,112000,7.99,0.79,9.89,765,553,212,6
2017-06-12,110000,0.79,7.99,1011.39,769,554,215,6
2017-06-22,113000,7.99,0.79,9.89,772,557,215,6
2017-07-05,115000,0.79,7.99,1011.39,782,564,218,6
2017-07-24,117000,7.99,0.99,12.39,789,570,219,6
2017-07-31,110000,0.99,7.99,807.07,792,570,222,6
2017-08-07,114000,7.99,0.79,9.89,794,571,223,6
2017-08-14,119000,0.79,7.99,1011.39,797,573,224,6
2017-10-09,112000,7.99,0.79,9.89,812,583,229,6
2017-10-16,115000,0.79,7.99,1011.39,818,586,232,6
2017-10-26,118000,7.99,0.79,9.89,824,591,233,6
2017-11-01,118000,0.79,7.99,1011.39,824,591,233,6
2017-11-23,118000,7.99,0.79,9.89,826,592,234,6
2017-11-29,124000,0.79,7.99,1011.39,827,593,234,6
2017-12-11,123000,7.99,0.79,9.89,827,593,234,6
2017-12-18,123000,0.79,7.99,1011.39,832,595,237,6
2017-12-21,121000,7.99,0.79,9.89,833,596,237,6
2018-01-03,131000,0.79,7.99,1011.39,837,599,238,6
2018-02-15,127000,7.99,0.79,9.89,849,606,243,6
2018-02-19,127000,0.79,7.99,1011.39,852,606,246,6
2018-02-27,121000,7.99,0.79,9.89,853,606,247,6
2018-03-05,118000,0.79,7.99,1011.39,855,607,248,6
2018-03-19,128000,7.99,0.79,9.89,859,610,249,6
2018-03-26,124000,0.79,7.99,1011.39,860,610,250,6
2018-05-21,110000,7.99,0.79,9.89,864,612,252,6
2018-05-28,110000,0.79,7.99,1011.39,865,613,252,6
2018-06-20,110000,7.99,0.79,9.89,867,615,252,6
2018-07-05,110000,0.79,7.99,1011.39,868,615,253,6
2018-07-23,110000,7.99,0.79,9.89,872,617,255,6
2018-07-30,110000,0.79,7.99,1011.39,873,617,256,6
2018-09-24,108000,7.99,0.79,9.89,875,618,257,6
2018-10-01,107000,0.79,7.99,1011.39,875,618,257,6
2018-12-03,108000,7.99,0.79,9.89,883,623,260,6
2018-12-10,108000,0.79,7.99,1011.39,885,625,260,6
2019-02-04,107000,7.99,1.19,14.89,888,627,261,6
2019-02-11,107000,1.19,0.79,66.39,888,627,261,6
2019-02-18,107000,0.79,7.99,1011.39,889,627,262,6
2019-04-15,109000,7.99,0.79,9.89,896,633,263,6
2019-04-22,109000,0.79,7.99,1011.39,896,633,263,6
2019-06-17,111000,7.99,1.59,19.9,901,635,266,6
2019-06-24,111000,1.59,7.99,502.52,901,635,266,6
2019-06-25,111000,7.99,1.59,19.9,901,635,266,6
2019-07-09,111000,1.59,7.99,502.52,904,638,266,6
2019-08-26,113000,7.99,1.59,19.9,908,641,267,6
2019-09-02,112000,1.59,7.99,502.52,908,641,267,6
2019-12-01,114000,7.99,1.99,24.91,915,644,271,6
2019-12-03,115000,1.99,7.99,401.51,915,644,271,6
2019-12-13,116000,7.99,1.99,24.91,916,645,271,6
2019-12-14,116000,1.99,7.99,401.51,916,645,271,6
2019-12-20,116000,7.99,1.99,24.91,916,645,271,6
2019-12-24,116000,1.99,7.99,401.51,916,645,271,6
2019-12-26,115000,7.99,1.99,24.91,916,645,271,6
2020-01-02,115000,1.99,7.99,401.51,916,645,271,6
2020-02-10,104000,7.99,1.59,19.9,917,646,271,6
2020-02-17,104000,1.59,7.99,502.52,918,647,271,6
2020-06-08,106000,7.99,1.59,19.9,928,652,276,6
2020-06-15,106000,1.59,7.99,502.52,928,652,276,6
2020-06-25,106000,7.99,1.59,19.9,928,652,276,6
2020-07-09,106000,1.59,7.99,502.52,929,653,276,6
2021-03-01,108000,7.99,1.59,19.9,937,658,279,6
2021-03-07,108000,1.59,7.99,502.52,938,658,280,6
2021-05-03,106000,7.99,1.59,19.9,943,660,283,5
2021-05-17,105000,1.59,7.99,502.52,943,660,283,5
