date,Owners,Price,PriceChangeTo,discount,total_reviews,total_positive,total_negative,review_score
2015-06-11,45000,14.99,7.49,49.97,311,302,9,8
2015-06-22,47000,7.49,14.99,200.13,323,314,9,8
2015-10-19,153000,14.99,11.24,74.98,457,436,21,8
2015-10-26,156000,11.24,14.99,133.36,467,446,21,8
2015-11-25,157000,14.99,10.04,66.98,485,462,23,8
2015-12-01,160000,10.04,14.99,149.3,488,465,23,8
2015-12-05,163000,14.99,7.49,49.97,491,468,23,8
2015-12-07,163000,7.49,14.99,200.13,508,484,24,9
2015-12-22,165000,14.99,7.49,49.97,526,502,24,9
2016-01-04,174000,7.49,14.99,200.13,547,521,26,9
2016-02-29,180000,14.99,11.99,79.99,575,542,33,8
2016-03-07,180000,11.99,14.99,125.02,578,545,33,8
2016-05-23,184000,14.99,10.04,66.98,606,571,35,8
2016-05-29,190000,10.04,14.99,149.3,608,573,35,8
2016-06-23,188000,14.99,8.24,54.97,617,580,37,8
2016-07-04,184000,8.24,14.99,181.92,623,586,37,8
2016-09-05,189000,14.99,7.49,49.97,647,609,38,8
2016-09-12,190000,7.49,14.99,200.13,654,613,41,8
2016-11-23,207000,14.99,4.94,32.96,670,625,45,8
2016-11-29,207000,4.94,14.99,303.44,693,646,47,8
2016-12-05,202000,14.99,7.49,49.97,695,648,47,8
2016-12-12,208000,7.49,14.99,200.13,702,654,48,8
2016-12-22,207000,14.99,4.94,32.96,703,655,48,8
2017-01-02,209000,4.94,14.99,303.44,715,666,49,8
2017-04-10,222000,14.99,10.04,66.98,745,692,53,8
2017-04-17,218000,10.04,14.99,149.3,750,696,54,8
2017-06-12,215000,14.99,7.49,49.97,760,706,54,8
2017-06-19,218000,7.49,14.99,200.13,762,708,54,8
2017-06-22,222000,14.99,4.94,32.96,763,708,55,8
2017-07-05,232000,4.94,14.99,303.44,784,727,57,8
2017-08-14,234000,14.99,7.49,49.97,798,740,58,8
2017-08-21,242000,7.49,14.99,200.13,803,744,59,8
2017-11-23,363000,14.99,4.94,32.96,911,840,71,8
2017-11-28,360000,4.94,14.99,303.44,954,881,73,8
2017-12-20,369000,14.99,4.94,32.96,973,897,76,8
2018-01-04,377000,4.94,14.99,303.44,994,912,82,8
2018-01-15,365000,14.99,7.49,49.97,1003,919,84,8
2018-01-22,368000,7.49,14.99,200.13,1011,926,85,8
2018-02-16,368000,14.99,4.94,32.96,1019,933,86,8
2018-02-20,362000,4.94,14.99,303.44,1021,934,87,8
2018-03-19,366000,14.99,7.49,49.97,1035,945,90,8
2018-03-26,368000,7.49,14.99,200.13,1036,946,90,8
2018-05-21,332000,14.99,5.09,33.96,1050,960,90,8
2018-05-28,348000,5.09,14.99,294.5,1059,968,91,8
2018-06-20,334000,14.99,5.09,33.96,1071,980,91,8
2018-07-05,336000,5.09,14.99,294.5,1079,988,91,8
2018-07-23,331000,14.99,5.09,33.96,1086,995,91,8
2018-07-30,343000,5.09,14.99,294.5,1089,998,91,8
2018-09-24,331000,14.99,5.09,33.96,1099,1008,91,8
2018-10-01,337000,5.09,14.99,294.5,1101,1010,91,8
2018-10-30,343000,14.99,5.09,33.96,1108,1016,92,8
2018-11-01,347000,5.09,14.99,294.5,1108,1016,92,8
2018-11-21,347000,14.99,7.49,49.97,1112,1019,93,8
2018-11-27,345000,7.49,14.99,200.13,1148,1055,93,8
2018-12-03,343000,14.99,7.49,49.97,1151,1058,93,8
2018-12-10,344000,7.49,14.99,200.13,1154,1061,93,8
2018-12-20,345000,14.99,7.49,49.97,1159,1065,94,8
2019-01-03,349000,7.49,14.99,200.13,1166,1072,94,8
2019-01-24,342000,14.99,5.09,33.96,1171,1077,94,8
2019-01-28,379000,5.09,14.99,294.5,1175,1081,94,8
2019-02-04,353000,14.99,5.09,33.96,1176,1082,94,8
2019-02-11,346000,5.09,14.99,294.5,1181,1087,94,8
2019-02-18,344000,14.99,5.09,33.96,1183,1089,94,8
2019-02-25,349000,5.09,14.99,294.5,1185,1091,94,8
2019-06-10,367000,14.99,4.64,30.95,1201,1106,95,8
2019-06-17,421000,4.64,14.99,323.06,1220,1122,98,8
2019-06-25,380000,14.99,4.64,30.95,1233,1133,100,8
2019-07-09,395000,4.64,14.99,323.06,1340,1236,104,8
2019-11-20,394000,14.99,4.64,30.95,1370,1263,107,8
2019-11-25,399000,4.64,14.99,323.06,1372,1265,107,8
2019-11-26,396000,14.99,7.49,49.97,1372,1265,107,8
2019-12-03,394000,7.49,14.99,200.13,1374,1267,107,8
2019-12-19,424000,14.99,7.49,49.97,1378,1271,107,8
2020-01-02,426000,7.49,14.99,200.13,1387,1280,107,8
2020-01-23,376000,14.99,7.49,49.97,1393,1286,107,8
2020-01-27,374000,7.49,14.99,200.13,1394,1287,107,8
2020-01-31,363000,14.99,7.49,49.97,1395,1288,107,8
2020-02-02,372000,7.49,14.99,200.13,1397,1289,108,8
2020-03-28,367000,14.99,5.09,33.96,1417,1309,108,8
2020-04-01,366000,5.09,14.99,294.5,1422,1314,108,8
2020-06-25,525000,14.99,4.64,30.95,1446,1337,109,8
2020-07-09,526000,4.64,14.99,323.06,1452,1343,109,8
2020-11-25,525000,14.99,5.99,39.96,1484,1373,111,8
2020-12-01,525000,5.99,14.99,250.25,1486,1375,111,8
2020-12-22,524000,14.99,5.99,39.96,1489,1378,111,8
2021-01-05,524000,5.99,14.99,250.25,1494,1383,111,8
2021-02-12,33000,14.99,4.49,29.95,1504,1392,112,8
2021-02-15,33000,4.49,14.99,333.85,1505,1393,112,8
2021-06-24,510000,14.99,3.44,22.95,1538,1424,114,8
2021-07-08,35000,3.44,14.99,435.76,1541,1427,114,8
2021-09-29,507000,14.99,4.49,29.95,1559,1441,118,8
2021-10-07,506000,4.49,14.99,333.85,1561,1443,118,8
2021-11-24,508000,14.99,4.49,29.95,1569,1450,119,8
2021-12-01,507000,4.49,14.99,333.85,1574,1455,119,8
2021-12-22,507000,14.99,4.49,29.95,1575,1456,119,8
2022-01-05,507000,4.49,14.99,333.85,1581,1460,121,8
2022-06-27,506000,14.99,3.29,21.95,1619,1494,125,8
2022-07-07,505000,3.29,14.99,455.62,1624,1497,127,8
2022-07-15,505000,14.99,3.29,21.95,1625,1498,127,8
2022-07-18,505000,3.29,14.99,455.62,1627,1500,127,8
2022-08-15,506000,14.99,3.29,21.95,1632,1505,127,8
2022-08-22,504000,3.29,14.99,455.62,1637,1509,128,8
2022-09-29,507000,14.99,3.14,20.95,1639,1511,128,8
2022-10-07,503000,3.14,14.99,477.39,1644,1515,129,8
