date,Owners,Price,PriceChangeTo,discount,total_reviews,total_positive,total_negative,review_score
2015-04-20,11000,9.99,8.99,89.99,137,116,21,8
2015-04-27,13000,8.99,9.99,111.12,148,122,26,8
2015-07-16,19000,9.99,14.99,150.05,218,174,44,6
2015-07-17,19000,14.99,10.04,66.98,220,174,46,6
2015-07-31,27000,10.04,14.99,149.3,263,205,58,6
2015-09-28,33000,14.99,12.74,84.99,478,319,159,5
2015-10-04,34000,12.74,14.99,117.66,489,324,165,5
2015-11-25,36000,14.99,9.89,65.98,510,335,175,5
2015-12-02,36000,9.89,14.99,151.57,513,338,175,5
2015-12-07,35000,14.99,9.89,65.98,517,339,178,5
2015-12-13,36000,9.89,14.99,151.57,520,341,179,5
2015-12-22,37000,14.99,8.99,59.97,524,343,181,5
2016-01-04,37000,8.99,14.99,166.74,542,351,191,5
2016-02-05,41000,14.99,7.49,49.97,558,355,203,5
2016-02-12,37000,7.49,14.99,200.13,561,356,205,5
2016-02-15,39000,14.99,7.49,49.97,564,356,208,5
2016-02-22,42000,7.49,14.99,200.13,567,357,210,5
2016-04-18,39000,14.99,7.49,49.97,590,362,228,5
2016-04-25,39000,7.49,14.99,200.13,596,363,233,5
2016-04-30,38000,14.99,7.49,49.97,603,366,237,5
2016-05-03,38000,7.49,14.99,200.13,606,368,238,5
2016-06-23,41000,14.99,3.74,24.95,634,375,259,5
2016-07-04,40000,3.74,4.94,132.09,648,381,267,5
2016-07-11,41000,4.94,14.99,303.44,654,383,271,5
2016-09-05,41000,14.99,2.99,19.95,672,389,283,5
2016-09-12,43000,2.99,14.99,501.34,679,393,286,5
2016-10-28,46000,14.99,3.29,21.95,695,399,296,5
2016-11-01,43000,3.29,14.99,455.62,696,399,297,5
2016-11-07,44000,14.99,3.59,23.95,699,400,299,5
2016-11-14,45000,3.59,14.99,417.55,702,400,302,5
2016-11-23,46000,14.99,2.99,19.95,706,402,304,5
2016-11-29,44000,2.99,14.99,501.34,713,404,309,5
2016-12-22,65000,14.99,1.94,12.94,722,404,318,5
2017-01-02,79000,1.94,14.99,772.68,734,408,326,5
2017-01-13,85000,14.99,9.99,66.64,742,410,332,5
2017-01-23,87000,9.99,3.39,33.93,746,411,335,5
2017-01-30,90000,3.39,9.99,294.69,750,411,339,5
2017-03-27,84000,9.99,1.99,19.92,770,417,353,5
2017-04-03,91000,1.99,9.99,502.01,772,419,353,5
2017-05-29,87000,9.99,4.99,49.95,798,426,372,5
2017-06-05,88000,4.99,9.99,200.2,802,428,374,5
2017-06-22,85000,9.99,1.99,19.92,803,428,375,5
2017-07-05,89000,1.99,9.99,502.01,810,429,381,5
2017-07-31,93000,9.99,3.99,39.94,820,432,388,5
2017-08-07,93000,3.99,9.99,250.38,826,434,392,5
2017-10-02,96000,9.99,1.49,14.91,839,435,404,5
2017-10-08,96000,1.49,9.99,670.47,841,435,406,5
2017-10-26,96000,9.99,3.39,33.93,849,437,412,5
2017-11-01,96000,3.39,9.99,294.69,851,438,413,5
2017-11-22,97000,9.99,3.39,33.93,861,442,419,5
2017-11-28,98000,3.39,9.99,294.69,866,446,420,5
2017-12-04,98000,9.99,3.39,33.93,870,448,422,5
2017-12-10,96000,3.39,9.99,294.69,870,448,422,5
2017-12-21,126000,9.99,3.39,33.93,872,448,424,5
2018-01-04,143000,3.39,9.99,294.69,884,450,434,5
2018-02-16,147000,9.99,2.99,29.93,901,453,448,5
2018-02-19,147000,2.99,9.99,334.11,902,454,448,5
2018-03-05,143000,9.99,3.39,33.93,907,455,452,5
2018-03-12,146000,3.39,9.99,294.69,909,456,453,5
2018-05-14,136000,9.99,6.69,66.97,926,463,463,5
2018-05-21,130000,6.69,9.99,149.33,928,464,464,5
2018-06-20,143000,9.99,5.99,59.96,933,465,468,5
2018-07-05,145000,5.99,9.99,166.78,939,467,472,5
2018-07-16,148000,9.99,5.99,59.96,941,468,473,5
2018-07-23,147000,5.99,9.99,166.78,944,470,474,5
2018-09-24,153000,9.99,4.99,49.95,953,474,479,5
2018-10-01,155000,4.99,9.99,200.2,955,476,479,5
2018-10-29,156000,9.99,4.99,49.95,956,476,480,5
2018-11-01,156000,4.99,9.99,200.2,956,476,480,5
2018-11-21,157000,9.99,4.99,49.95,959,478,481,5
2018-11-27,159000,4.99,9.99,200.2,962,480,482,5
2018-12-20,164000,9.99,2.99,29.93,967,481,486,5
2019-01-03,167000,2.99,9.99,334.11,969,483,486,5
2019-06-25,197000,9.99,4.99,49.95,990,488,502,5
2019-07-09,201000,4.99,9.99,200.2,996,492,504,5
2019-07-18,207000,9.99,3.99,39.94,1000,492,508,5
2019-07-22,216000,3.99,9.99,250.38,1004,492,512,5
2019-10-27,237000,9.99,6.99,69.97,1017,495,522,5
2019-11-01,238000,6.99,9.99,142.92,1017,495,522,5
2019-11-26,240000,9.99,4.99,49.95,1019,497,522,5
2019-12-03,242000,4.99,9.99,200.2,1021,499,522,5
2019-12-19,247000,9.99,4.99,49.95,1025,501,524,5
2020-01-02,249000,4.99,9.99,200.2,1026,501,525,5
2020-01-23,232000,9.99,2.49,24.92,1030,505,525,5
2020-01-26,236000,2.49,9.99,401.2,1031,506,525,5
2020-06-25,251000,9.99,2.99,29.93,1048,515,533,5
2020-07-09,253000,2.99,9.99,334.11,1050,515,535,5
2020-10-29,263000,9.99,1.99,19.92,1063,519,544,5
2020-11-02,264000,1.99,9.99,502.01,1063,519,544,5
2020-11-25,265000,9.99,1.99,19.92,1067,520,547,5
2020-12-02,266000,1.99,9.99,502.01,1069,521,548,5
2020-12-22,268000,9.99,1.99,19.92,1070,521,549,5
2021-01-05,268000,1.99,9.99,502.01,1071,521,550,5
2021-10-28,268000,9.99,2.99,29.93,1094,530,564,5
2021-11-01,268000,2.99,9.99,334.11,1094,530,564,5
2022-06-23,266000,9.99,0.99,9.91,1106,536,570,5
2022-07-07,267000,0.99,9.99,1009.09,1107,536,571,5
