date,Owners,Price,PriceChangeTo,discount,total_reviews,total_positive,total_negative,review_score
2016-10-13,4000,0.0,44.99,,0,0,0,0
2016-12-22,122000,44.99,40.49,90.0,2803,2528,275,8
2017-01-02,134000,40.49,44.99,111.11,2920,2628,292,8
2017-02-23,153000,44.99,35.99,80.0,3195,2866,329,8
2017-02-27,155000,35.99,44.99,125.01,3268,2930,338,8
2017-04-04,170000,44.99,30.14,66.99,3457,3093,364,8
2017-04-10,178000,30.14,44.99,149.27,3516,3143,373,8
2017-06-13,194000,44.99,22.49,49.99,3732,3327,405,8
2017-06-15,198000,22.49,44.99,200.04,3775,3360,415,8
2017-06-22,203000,44.99,22.49,49.99,3850,3414,436,8
2017-07-05,217000,22.49,44.99,200.04,3957,3504,453,8
2017-09-07,251000,44.99,22.49,49.99,4153,3672,481,8
2017-09-12,256000,22.49,44.99,200.04,4260,3756,504,8
2017-10-26,263000,44.99,17.99,39.99,4437,3903,534,8
2017-11-01,274000,17.99,44.99,250.08,4454,3914,540,8
2017-11-06,277000,44.99,17.99,39.99,4474,3932,542,8
2017-11-13,272000,17.99,44.99,250.08,4513,3964,549,8
2017-11-22,281000,44.99,17.99,39.99,4564,4003,561,8
2017-11-28,285000,17.99,44.99,250.08,4822,4257,565,8
2017-12-21,296000,44.99,17.99,39.99,4905,4333,572,8
2018-01-04,306000,17.99,44.99,250.08,4981,4402,579,8
2018-01-23,314000,44.99,15.29,33.99,5053,4458,595,8
2018-01-26,314000,15.29,44.99,294.24,5086,4480,606,8
2018-02-15,314000,44.99,15.29,33.99,5183,4563,620,8
2018-02-19,316000,15.29,44.99,294.24,5208,4583,625,8
2018-05-24,307000,44.99,15.29,33.99,5442,4768,674,8
2018-05-28,370000,15.29,44.99,294.24,5622,4877,745,8
2018-06-21,267000,44.99,15.29,33.99,5839,5060,779,8
2018-07-05,336000,15.29,44.99,294.24,5919,5129,790,8
2018-09-06,354000,44.99,15.29,33.99,6090,5268,822,8
2018-09-10,369000,15.29,44.99,294.24,6107,5284,823,8
2018-11-08,378000,44.99,14.99,33.32,6250,5406,844,8
2018-11-12,423000,14.99,29.99,200.07,6311,5454,857,8
2018-11-21,401000,29.99,14.99,49.98,6367,5497,870,8
2018-11-27,414000,14.99,29.99,200.07,6553,5677,876,8
2018-12-20,425000,29.99,14.99,49.98,6622,5731,891,8
2019-01-03,437000,14.99,29.99,200.07,6667,5769,898,8
2019-02-04,445000,29.99,14.99,49.98,6749,5839,910,8
2019-02-11,447000,14.99,29.99,200.07,6761,5849,912,8
2019-03-03,455000,29.99,14.99,49.98,6797,5878,919,8
2019-03-05,460000,14.99,29.99,200.07,6807,5887,920,8
2019-04-23,476000,29.99,14.99,49.98,6911,5968,943,8
2019-04-29,472000,14.99,29.99,200.07,6921,5976,945,8
2019-06-04,497000,29.99,14.99,49.98,7007,6044,963,8
2019-06-07,497000,14.99,29.99,200.07,7012,6048,964,8
2019-06-09,497000,29.99,14.99,49.98,7012,6048,964,8
2019-06-17,497000,14.99,29.99,200.07,7028,6061,967,8
2019-06-25,497000,29.99,14.99,49.98,7038,6070,968,8
2019-07-09,498000,14.99,29.99,200.07,7246,6271,975,8
2019-07-29,497000,29.99,14.99,49.98,7276,6299,977,8
2019-08-05,497000,14.99,29.99,200.07,7288,6308,980,8
2019-09-22,500000,29.99,14.99,49.98,7386,6385,1001,8
2019-09-23,500000,14.99,29.99,200.07,7391,6390,1001,8
2019-10-17,501000,29.99,14.99,49.98,7454,6437,1017,8
2019-10-21,502000,14.99,29.99,200.07,7465,6444,1021,8
2019-10-28,503000,29.99,14.99,49.98,7489,6466,1023,8
2019-11-01,504000,14.99,29.99,200.07,7502,6477,1025,8
2019-11-10,504000,29.99,14.99,49.98,7561,6533,1028,8
2019-11-12,507000,14.99,29.99,200.07,7572,6543,1029,8
2019-11-26,508000,29.99,14.99,49.98,7644,6609,1035,8
2019-12-03,509000,14.99,29.99,200.07,7692,6654,1038,8
2019-12-19,516000,29.99,14.99,49.98,7767,6717,1050,8
2020-01-02,524000,14.99,29.99,200.07,7830,6775,1055,8
2020-01-23,488000,29.99,14.99,49.98,7908,6847,1061,8
2020-01-26,490000,14.99,29.99,200.07,7920,6859,1061,8
2020-02-07,478000,29.99,14.99,49.98,7953,6889,1064,8
2020-02-09,473000,14.99,29.99,200.07,7974,6905,1069,8
2020-03-31,485000,29.99,14.99,49.98,8174,7088,1086,8
2020-04-03,482000,14.99,29.99,200.07,8192,7105,1087,8
2020-05-14,488000,29.99,14.99,49.98,8349,7245,1104,8
2020-05-18,487000,14.99,29.99,200.07,8372,7265,1107,8
2020-06-24,509000,29.99,14.99,49.98,8507,7390,1117,8
2020-07-09,519000,14.99,29.99,200.07,8562,7436,1126,8
2020-07-31,494000,29.99,10.19,33.98,8661,7522,1139,8
2020-08-02,500000,10.19,29.99,294.31,8692,7548,1144,8
2020-10-29,579000,29.99,7.49,24.97,9048,7860,1188,8
2020-11-02,522000,7.49,29.99,400.4,9067,7879,1188,8
2020-11-09,599000,29.99,7.49,24.97,9096,7903,1193,8
2020-11-16,529000,7.49,29.99,400.4,9155,7955,1200,8
2020-11-25,614000,29.99,7.49,24.97,9209,8003,1206,8
2020-12-01,531000,7.49,29.99,400.4,9248,8034,1214,8
2020-12-22,637000,29.99,7.49,24.97,9332,8111,1221,8
2021-01-05,649000,7.49,29.99,400.4,9394,8165,1229,8
2021-02-01,666000,29.99,7.49,24.97,9492,8250,1242,8
2021-02-08,671000,7.49,29.99,400.4,9516,8271,1245,8
2021-02-12,672000,29.99,9.99,33.31,9535,8288,1247,8
2021-02-16,672000,9.99,29.99,300.2,9561,8309,1252,8
2021-05-20,699000,29.99,7.49,24.97,9830,8550,1280,8
2021-05-24,703000,7.49,29.99,400.4,9854,8572,1282,8
2021-06-24,567000,29.99,7.49,24.97,9963,8663,1300,8
2021-07-08,724000,7.49,29.99,400.4,10021,8714,1307,8
2021-10-28,780000,29.99,7.49,24.97,10312,8978,1334,8
2021-11-01,770000,7.49,29.99,400.4,10321,8983,1338,8
2021-11-24,792000,29.99,7.49,24.97,10374,9027,1347,8
2021-12-01,792000,7.49,29.99,400.4,10402,9050,1352,8
2021-12-22,801000,29.99,7.49,24.97,10454,9096,1358,8
2022-01-05,803000,7.49,29.99,400.4,10507,9142,1365,8
2022-01-27,822000,29.99,7.49,24.97,10562,9187,1375,8
2022-02-02,814000,7.49,29.99,400.4,10579,9201,1378,8
2022-02-07,640000,29.99,7.49,24.97,10593,9215,1378,8
2022-02-20,823000,7.49,29.99,400.4,10634,9248,1386,8
2022-03-28,848000,29.99,7.49,24.97,10700,9297,1403,8
2022-04-11,846000,7.49,29.99,400.4,10729,9324,1405,8
2022-05-19,855000,29.99,7.49,24.97,10800,9385,1415,8
2022-05-23,851000,7.49,29.99,400.4,10817,9399,1418,8
2022-06-23,867000,29.99,7.49,24.97,10897,9464,1433,8
2022-07-07,866000,7.49,29.99,400.4,10926,9489,1437,8
2022-07-10,867000,29.99,7.49,24.97,10934,9493,1441,8
2022-07-18,871000,7.49,29.99,400.4,10958,9514,1444,8
2022-08-22,890000,29.99,7.49,24.97,11038,9582,1456,8
2022-08-28,891000,7.49,29.99,400.4,11054,9596,1458,8
