date,Owners,Price,PriceChangeTo,discount,total_reviews,total_positive,total_negative,review_score
2016-09-15,1000,0.0,19.99,,0,0,0,0
2016-09-26,2000,19.99,24.99,125.01,23,21,2,7
2016-11-23,2000,24.99,16.74,66.99,43,39,4,7
2016-11-29,2000,16.74,24.99,149.28,47,43,4,7
2016-12-12,2000,24.99,16.74,66.99,48,44,4,7
2016-12-19,2000,16.74,24.99,149.28,50,46,4,8
2016-12-22,2000,24.99,16.74,66.99,51,47,4,8
2017-01-03,4000,16.74,24.99,149.28,55,50,5,8
2017-01-19,7000,24.99,18.74,74.99,63,57,6,8
2017-01-26,8000,18.74,24.99,133.35,137,112,25,8
2017-04-10,11000,24.99,16.74,66.99,204,166,38,8
2017-04-17,10000,16.74,24.99,149.28,207,169,38,8
2017-06-12,11000,24.99,14.99,59.98,214,173,41,8
2017-06-19,11000,14.99,24.99,166.71,214,173,41,8
2017-06-22,10000,24.99,14.99,59.98,215,174,41,8
2017-07-05,12000,14.99,24.99,166.71,225,182,43,8
2017-08-28,13000,24.99,14.99,59.98,236,191,45,8
2017-09-04,12000,14.99,24.99,166.71,238,193,45,8
2017-10-05,14000,24.99,12.49,49.98,244,199,45,8
2017-10-10,15000,12.49,24.99,200.08,257,210,47,8
2017-10-16,15000,24.99,14.99,59.98,267,216,51,8
2017-10-23,16000,14.99,24.99,166.71,271,220,51,8
2017-11-22,17000,24.99,12.49,49.98,283,228,55,8
2017-11-28,17000,12.49,24.99,200.08,288,233,55,8
2017-12-21,15000,24.99,12.49,49.98,291,236,55,8
2018-01-03,18000,12.49,24.99,200.08,293,237,56,8
2018-01-15,16000,24.99,11.24,44.98,297,240,57,8
2018-01-22,17000,11.24,24.99,222.33,303,243,60,8
2018-02-15,14000,24.99,11.24,44.98,308,247,61,8
2018-02-19,14000,11.24,24.99,222.33,311,249,62,8
2018-03-18,16000,24.99,9.99,39.98,316,254,62,8
2018-03-26,17000,9.99,24.99,250.15,318,256,62,8
2018-05-21,16000,24.99,9.99,39.98,328,261,67,6
2018-05-28,16000,9.99,24.99,250.15,334,263,71,6
2018-06-21,16000,24.99,8.49,33.97,337,266,71,6
2018-07-05,16000,8.49,24.99,294.35,338,266,72,6
2018-07-30,16000,24.99,8.49,33.97,343,269,74,6
2018-08-06,17000,8.49,24.99,294.35,344,270,74,6
2018-10-11,17000,24.99,8.49,33.97,351,275,76,6
2018-10-15,17000,8.49,24.99,294.35,354,277,77,6
2018-10-29,17000,24.99,8.49,33.97,357,280,77,6
2018-11-01,17000,8.49,24.99,294.35,358,281,77,6
2018-11-05,17000,24.99,8.49,33.97,358,281,77,6
2018-11-12,17000,8.49,24.99,294.35,359,282,77,6
2018-11-21,17000,24.99,8.49,33.97,360,283,77,6
2018-11-27,17000,8.49,24.99,294.35,363,286,77,6
2018-12-20,17000,24.99,8.49,33.97,368,291,77,6
2019-01-03,17000,8.49,24.99,294.35,372,293,79,6
2019-01-14,17000,24.99,8.49,33.97,378,298,80,6
2019-01-21,18000,8.49,24.99,294.35,384,303,81,6
2019-02-04,18000,24.99,8.49,33.97,386,305,81,6
2019-02-11,18000,8.49,24.99,294.35,389,306,83,6
2019-05-28,18000,24.99,7.49,29.97,402,316,86,6
2019-06-03,19000,7.49,24.99,333.64,403,317,86,6
2019-06-25,19000,24.99,7.49,29.97,408,322,86,6
2019-07-09,19000,7.49,24.99,333.64,414,327,87,6
2019-07-18,19000,24.99,7.49,29.97,414,327,87,6
2019-07-29,20000,7.49,24.99,333.64,422,331,91,6
2019-09-16,20000,24.99,6.24,24.97,430,338,92,6
2019-09-23,20000,6.24,24.99,400.48,432,339,93,6
2019-11-09,21000,24.99,6.24,24.97,444,351,93,6
2019-11-12,21000,6.24,24.99,400.48,444,351,93,6
2019-11-21,21000,24.99,6.24,24.97,449,356,93,6
2019-11-25,23000,6.24,24.99,400.48,456,363,93,6
2019-11-26,22000,24.99,6.24,24.97,456,363,93,6
2019-12-03,21000,6.24,24.99,400.48,462,369,93,6
2019-12-09,21000,24.99,6.24,24.97,463,370,93,6
2019-12-16,22000,6.24,24.99,400.48,465,372,93,8
2019-12-19,27000,24.99,6.24,24.97,466,373,93,8
2020-01-02,36000,6.24,24.99,400.48,472,379,93,8
2020-01-23,32000,24.99,6.24,24.97,481,388,93,8
2020-01-26,34000,6.24,24.99,400.48,483,390,93,8
2020-02-24,31000,24.99,6.24,24.97,494,399,95,8
2020-03-02,21000,6.24,24.99,400.48,496,401,95,8
2020-04-13,34000,24.99,6.24,24.97,509,410,99,8
2020-04-19,38000,6.24,24.99,400.48,510,410,100,8
2020-06-01,36000,24.99,6.24,24.97,522,420,102,8
2020-06-08,40000,6.24,24.99,400.48,525,423,102,8
2020-06-24,34000,24.99,6.24,24.97,531,428,103,8
2020-07-09,38000,6.24,24.99,400.48,533,430,103,8
2020-08-10,23000,24.99,4.99,19.97,544,439,105,8
2020-08-16,23000,4.99,24.99,500.8,544,439,105,8
2020-09-28,23000,24.99,6.24,24.97,551,442,109,8
2020-10-05,25000,6.24,24.99,400.48,556,444,112,6
2020-11-05,49000,24.99,4.99,19.97,561,449,112,8
2020-11-09,75000,4.99,24.99,500.8,564,451,113,6
2020-11-25,48000,24.99,4.99,19.97,571,457,114,8
2020-12-01,49000,4.99,24.99,500.8,577,462,115,8
2020-12-14,26000,24.99,6.24,24.97,582,465,117,6
2020-12-21,53000,6.24,24.99,400.48,585,468,117,8
2020-12-22,49000,24.99,4.99,19.97,585,468,117,8
2021-01-05,51000,4.99,24.99,500.8,592,472,120,6
2021-01-31,55000,24.99,6.24,24.97,597,476,121,6
2021-02-08,54000,6.24,24.99,400.48,599,478,121,6
2021-02-11,27000,24.99,6.24,24.97,603,482,121,6
2021-02-14,27000,6.24,24.99,400.48,604,483,121,6
2021-03-29,47000,24.99,6.24,24.97,612,491,121,8
2021-04-05,58000,6.24,24.99,400.48,615,492,123,8
2021-05-17,49000,24.99,6.24,24.97,623,497,126,6
2021-05-24,55000,6.24,24.99,400.48,624,498,126,6
2021-06-24,48000,24.99,4.99,19.97,629,501,128,6
2021-07-08,48000,4.99,24.99,500.8,631,502,129,6
2021-07-26,47000,24.99,6.24,24.97,633,502,131,6
2021-08-02,55000,6.24,24.99,400.48,635,504,131,6
2021-09-13,47000,24.99,6.24,24.97,638,507,131,6
2021-09-20,50000,6.24,24.99,400.48,641,510,131,6
2021-10-18,48000,24.99,4.99,19.97,642,511,131,6
2021-10-25,57000,4.99,24.99,500.8,643,512,131,6
2021-11-15,52000,24.99,4.99,19.97,646,514,132,6
2021-11-22,52000,4.99,24.99,500.8,647,515,132,6
2021-11-24,49000,24.99,4.99,19.97,649,516,133,6
2021-12-01,62000,4.99,24.99,500.8,651,517,134,6
2021-12-22,54000,24.99,4.99,19.97,653,519,134,6
2022-01-05,49000,4.99,24.99,500.8,653,519,134,6
2022-01-17,53000,24.99,4.99,19.97,656,522,134,6
2022-01-24,49000,4.99,24.99,500.8,660,525,135,6
2022-01-27,48000,24.99,4.99,19.97,662,527,135,6
2022-02-02,46000,4.99,24.99,500.8,663,528,135,6
2022-03-07,52000,24.99,4.99,19.97,671,535,136,6
2022-03-13,59000,4.99,24.99,500.8,672,536,136,6
2022-04-11,56000,24.99,4.99,19.97,676,537,139,6
2022-04-18,59000,4.99,24.99,500.8,677,537,140,6
2022-05-16,53000,24.99,4.99,19.97,681,541,140,6
2022-05-23,56000,4.99,24.99,500.8,683,542,141,6
2022-06-23,50000,24.99,4.99,19.97,688,547,141,6
2022-07-06,51000,4.99,24.99,500.8,688,547,141,6
2022-07-18,51000,24.99,4.99,19.97,688,547,141,6
2022-07-25,30000,4.99,24.99,500.8,690,549,141,6
2022-08-28,50000,24.99,4.99,19.97,690,549,141,6
2022-09-05,59000,4.99,24.99,500.8,692,551,141,6
2022-10-10,51000,24.99,4.99,19.97,694,553,141,6
2022-10-17,52000,4.99,24.99,500.8,694,553,141,6
